naca0012                                        
 Alfa =  11.10000 Re =        0.000 Xflap,Yflap =     0.000000    0.000000
#    x        y        Cp  
   1.00000  0.00000  0.46116
   0.99373  0.00091  0.28492
   0.98279  0.00247  0.20068
   0.97002  0.00428  0.13994
   0.95571  0.00626  0.09181
   0.94034  0.00835  0.04873
   0.92434  0.01048  0.01121
   0.90800  0.01262 -0.02257
   0.89149  0.01474 -0.05452
   0.87489  0.01682 -0.08352
   0.85825  0.01887 -0.11122
   0.84158  0.02088 -0.13764
   0.82489  0.02285 -0.16288
   0.80819  0.02478 -0.18837
   0.79148  0.02668 -0.21204
   0.77476  0.02853 -0.23577
   0.75805  0.03035 -0.25955
   0.74132  0.03212 -0.28313
   0.72460  0.03386 -0.30593
   0.70787  0.03555 -0.32974
   0.69115  0.03721 -0.35306
   0.67443  0.03882 -0.37674
   0.65771  0.04039 -0.40071
   0.64099  0.04192 -0.42459
   0.62429  0.04340 -0.45002
   0.60758  0.04483 -0.47443
   0.59089  0.04622 -0.50019
   0.57421  0.04756 -0.52680
   0.55754  0.04884 -0.55294
   0.54088  0.05008 -0.58076
   0.52425  0.05125 -0.60939
   0.50762  0.05237 -0.63788
   0.49102  0.05343 -0.66876
   0.47443  0.05442 -0.69925
   0.45787  0.05534 -0.73140
   0.44134  0.05619 -0.76502
   0.42483  0.05697 -0.79914
   0.40835  0.05767 -0.83549
   0.39191  0.05829 -0.87289
   0.37550  0.05882 -0.91200
   0.35914  0.05926 -0.95296
   0.34282  0.05961 -0.99570
   0.32655  0.05985 -1.04105
   0.31033  0.05998 -1.08792
   0.29417  0.06000 -1.13853
   0.27809  0.05990 -1.19136
   0.26207  0.05967 -1.24823
   0.24615  0.05931 -1.30843
   0.23032  0.05880 -1.37317
   0.21461  0.05814 -1.44274
   0.19904  0.05732 -1.51862
   0.18362  0.05633 -1.60045
   0.16838  0.05515 -1.69073
   0.15339  0.05379 -1.79028
   0.13869  0.05223 -1.90130
   0.12437  0.05047 -2.02420
   0.11056  0.04852 -2.16407
   0.09739  0.04638 -2.31940
   0.08504  0.04410 -2.49445
   0.07369  0.04171 -2.68864
   0.06346  0.03927 -2.90329
   0.05441  0.03684 -3.13579
   0.04651  0.03446 -3.38592
   0.03966  0.03216 -3.65306
   0.03373  0.02993 -3.93623
   0.02859  0.02779 -4.23781
   0.02413  0.02573 -4.55201
   0.02023  0.02372 -4.88846
   0.01681  0.02177 -5.24484
   0.01381  0.01985 -5.61302
   0.01117  0.01795 -5.99185
   0.00885  0.01607 -6.38306
   0.00683  0.01419 -6.75746
   0.00508  0.01230 -7.09723
   0.00360  0.01041 -7.36710
   0.00237  0.00850 -7.52538
   0.00141  0.00658 -7.49825
   0.00070  0.00466 -7.24907
   0.00024  0.00276 -6.77951
   0.00003  0.00091 -6.11685
   0.00003 -0.00091 -5.35474
   0.00024 -0.00276 -4.50015
   0.00070 -0.00466 -3.57218
   0.00141 -0.00658 -2.66319
   0.00237 -0.00850 -1.83414
   0.00360 -0.01041 -1.12080
   0.00508 -0.01230 -0.54558
   0.00683 -0.01419 -0.09301
   0.00885 -0.01607  0.25045
   0.01117 -0.01795  0.50766
   0.01381 -0.01985  0.69323
   0.01681 -0.02177  0.82456
   0.02023 -0.02372  0.91222
   0.02413 -0.02573  0.96644
   0.02859 -0.02779  0.99364
   0.03373 -0.02993  0.99972
   0.03966 -0.03216  0.98877
   0.04651 -0.03446  0.96426
   0.05441 -0.03684  0.92923
   0.06346 -0.03927  0.88657
   0.07369 -0.04171  0.83892
   0.08504 -0.04410  0.78919
   0.09739 -0.04638  0.73948
   0.11056 -0.04852  0.69137
   0.12437 -0.05047  0.64631
   0.13869 -0.05223  0.60434
   0.15339 -0.05379  0.56582
   0.16838 -0.05515  0.53065
   0.18362 -0.05633  0.49864
   0.19904 -0.05732  0.46952
   0.21461 -0.05814  0.44286
   0.23033 -0.05880  0.41883
   0.24615 -0.05931  0.39653
   0.26207 -0.05967  0.37651
   0.27809 -0.05990  0.35821
   0.29417 -0.06000  0.34115
   0.31033 -0.05998  0.32583
   0.32655 -0.05985  0.31157
   0.34282 -0.05961  0.29874
   0.35914 -0.05926  0.28647
   0.37550 -0.05882  0.27566
   0.39191 -0.05829  0.26532
   0.40835 -0.05767  0.25613
   0.42483 -0.05697  0.24770
   0.44134 -0.05619  0.23930
   0.45787 -0.05534  0.23223
   0.47443 -0.05442  0.22550
   0.49102 -0.05343  0.21895
   0.50762 -0.05237  0.21315
   0.52425 -0.05125  0.20786
   0.54088 -0.05008  0.20284
   0.55754 -0.04884  0.19807
   0.57421 -0.04756  0.19406
   0.59089 -0.04622  0.18991
   0.60758 -0.04483  0.18622
   0.62429 -0.04340  0.18309
   0.64099 -0.04192  0.17976
   0.65771 -0.04039  0.17736
   0.67443 -0.03882  0.17491
   0.69115 -0.03721  0.17233
   0.70787 -0.03555  0.17095
   0.72460 -0.03386  0.16899
   0.74132 -0.03212  0.16802
   0.75805 -0.03035  0.16694
   0.77476 -0.02853  0.16640
   0.79148 -0.02668  0.16656
   0.80819 -0.02478  0.16682
   0.82489 -0.02285  0.16773
   0.84158 -0.02088  0.16930
   0.85825 -0.01887  0.17194
   0.87489 -0.01682  0.17497
   0.89149 -0.01474  0.17978
   0.90800 -0.01262  0.18538
   0.92434 -0.01048  0.19354
   0.94034 -0.00835  0.20459
   0.95571 -0.00626  0.21936
   0.97002 -0.00428  0.23882
   0.98279 -0.00247  0.26994
   0.99373 -0.00091  0.32358
   1.00000  0.00000  0.46116
