naca0012                                        
 Alfa =  13.90000 Re =        0.000 Xflap,Yflap =     0.000000    0.000000
#    x        y        Cp  
   1.00000  0.00000  0.47270
   0.99373  0.00091  0.29529
   0.98279  0.00247  0.20875
   0.97002  0.00428  0.14523
   0.95571  0.00626  0.09434
   0.94034  0.00835  0.04817
   0.92434  0.01048  0.00777
   0.90800  0.01262 -0.02901
   0.89149  0.01474 -0.06393
   0.87489  0.01682 -0.09594
   0.85825  0.01887 -0.12661
   0.84158  0.02088 -0.15594
   0.82489  0.02285 -0.18425
   0.80819  0.02478 -0.21284
   0.79148  0.02668 -0.23956
   0.77476  0.02853 -0.26644
   0.75805  0.03035 -0.29345
   0.74132  0.03212 -0.32034
   0.72460  0.03386 -0.34645
   0.70787  0.03555 -0.37374
   0.69115  0.03721 -0.40059
   0.67443  0.03882 -0.42787
   0.65771  0.04039 -0.45565
   0.64099  0.04192 -0.48336
   0.62429  0.04340 -0.51294
   0.60758  0.04483 -0.54139
   0.59089  0.04622 -0.57158
   0.57421  0.04756 -0.60272
   0.55754  0.04884 -0.63349
   0.54088  0.05008 -0.66630
   0.52425  0.05125 -0.70009
   0.50762  0.05237 -0.73394
   0.49102  0.05343 -0.77059
   0.47443  0.05442 -0.80700
   0.45787  0.05534 -0.84545
   0.44134  0.05619 -0.88582
   0.42483  0.05697 -0.92689
   0.40835  0.05767 -0.97082
   0.39191  0.05829 -1.01613
   0.37550  0.05882 -1.06377
   0.35914  0.05926 -1.11383
   0.34282  0.05961 -1.16630
   0.32655  0.05985 -1.22213
   0.31033  0.05998 -1.28028
   0.29417  0.06000 -1.34314
   0.27809  0.05990 -1.40926
   0.26207  0.05967 -1.48065
   0.24615  0.05931 -1.55675
   0.23032  0.05880 -1.63899
   0.21461  0.05814 -1.72797
   0.19904  0.05732 -1.82548
   0.18362  0.05633 -1.93151
   0.16838  0.05515 -2.04910
   0.15339  0.05379 -2.17976
   0.13869  0.05223 -2.32642
   0.12437  0.05047 -2.49027
   0.11056  0.04852 -2.67782
   0.09739  0.04638 -2.88814
   0.08504  0.04410 -3.12706
   0.07369  0.04171 -3.39452
   0.06346  0.03927 -3.69265
   0.05441  0.03684 -4.01887
   0.04651  0.03446 -4.37316
   0.03966  0.03216 -4.75533
   0.03373  0.02993 -5.16486
   0.02859  0.02779 -5.60546
   0.02413  0.02573 -6.07164
   0.02023  0.02372 -6.57590
   0.01681  0.02177 -7.11875
   0.01381  0.01985 -7.69018
   0.01117  0.01795 -8.29218
   0.00885  0.01607 -8.92931
   0.00683  0.01419 -9.56566
   0.00508  0.01230 -10.17885
   0.00360  0.01041 -10.72183
   0.00237  0.00850 -11.13448
   0.00141  0.00658 -11.30684
   0.00070  0.00466 -11.17289
   0.00024  0.00276 -10.71647
   0.00003  0.00091 -9.95452
   0.00003 -0.00091 -9.01404
   0.00024 -0.00276 -7.90295
   0.00070 -0.00466 -6.63426
   0.00141 -0.00658 -5.33866
   0.00237 -0.00850 -4.10971
   0.00360 -0.01041 -3.01148
   0.00508 -0.01230 -2.09206
   0.00683 -0.01419 -1.33926
   0.00885 -0.01607 -0.74143
   0.01117 -0.01795 -0.26944
   0.01381 -0.01985  0.09377
   0.01681 -0.02177  0.37332
   0.02023 -0.02372  0.58388
   0.02413 -0.02573  0.74033
   0.02859 -0.02779  0.85172
   0.03373 -0.02993  0.92792
   0.03966 -0.03216  0.97429
   0.04651 -0.03446  0.99648
   0.05441 -0.03684  0.99880
   0.06346 -0.03927  0.98529
   0.07369 -0.04171  0.95976
   0.08504 -0.04410  0.92608
   0.09739 -0.04638  0.88753
   0.11056 -0.04852  0.84680
   0.12437 -0.05047  0.80608
   0.13869 -0.05223  0.76637
   0.15339 -0.05379  0.72851
   0.16838 -0.05515  0.69285
   0.18362 -0.05633  0.65954
   0.19904 -0.05732  0.62853
   0.21461 -0.05814  0.59955
   0.23033 -0.05880  0.57290
   0.24615 -0.05931  0.54779
   0.26207 -0.05967  0.52482
   0.27809 -0.05990  0.50344
   0.29417 -0.06000  0.48328
   0.31033 -0.05998  0.46482
   0.32655 -0.05985  0.44743
   0.34282 -0.05961  0.43149
   0.35914 -0.05926  0.41608
   0.37550 -0.05882  0.40222
   0.39191 -0.05829  0.38881
   0.40835 -0.05767  0.37664
   0.42483 -0.05697  0.36524
   0.44134 -0.05619  0.35394
   0.45787 -0.05534  0.34398
   0.47443 -0.05442  0.33445
   0.49102 -0.05343  0.32514
   0.50762 -0.05237  0.31658
   0.52425 -0.05125  0.30861
   0.54088 -0.05008  0.30093
   0.55754 -0.04884  0.29357
   0.57421 -0.04756  0.28700
   0.59089 -0.04622  0.28028
   0.60758 -0.04483  0.27407
   0.62429 -0.04340  0.26852
   0.64099 -0.04192  0.26267
   0.65771 -0.04039  0.25786
   0.67443 -0.03882  0.25302
   0.69115 -0.03721  0.24796
   0.70787 -0.03555  0.24426
   0.72460 -0.03386  0.23980
   0.74132 -0.03212  0.23651
   0.75805 -0.03035  0.23300
   0.77476 -0.02853  0.22997
   0.79148 -0.02668  0.22780
   0.80819 -0.02478  0.22551
   0.82489 -0.02285  0.22390
   0.84158 -0.02088  0.22289
   0.85825 -0.01887  0.22287
   0.87489 -0.01682  0.22322
   0.89149 -0.01474  0.22517
   0.90800 -0.01262  0.22777
   0.92434 -0.01048  0.23277
   0.94034 -0.00835  0.24058
   0.95571 -0.00626  0.25175
   0.97002 -0.00428  0.26732
   0.98279 -0.00247  0.29425
   0.99373 -0.00091  0.34296
   1.00000  0.00000  0.47270
