naca0012                                        
 Alfa =   7.70000 Re =        0.000 Xflap,Yflap =     0.000000    0.000000
#    x        y        Cp  
   1.00000  0.00000  0.45047
   0.99373  0.00091  0.27685
   0.98279  0.00247  0.19599
   0.97002  0.00428  0.13904
   0.95571  0.00626  0.09456
   0.94034  0.00835  0.05551
   0.92434  0.01048  0.02170
   0.90800  0.01262 -0.00825
   0.89149  0.01474 -0.03644
   0.87489  0.01682 -0.06164
   0.85825  0.01887 -0.08560
   0.84158  0.02088 -0.10839
   0.82489  0.02285 -0.12983
   0.80819  0.02478 -0.15148
   0.79148  0.02668 -0.17137
   0.77476  0.02853 -0.19123
   0.75805  0.03035 -0.21106
   0.74132  0.03212 -0.23059
   0.72460  0.03386 -0.24935
   0.70787  0.03555 -0.26893
   0.69115  0.03721 -0.28797
   0.67443  0.03882 -0.30730
   0.65771  0.04039 -0.32667
   0.64099  0.04192 -0.34593
   0.62429  0.04340 -0.36637
   0.60758  0.04483 -0.38595
   0.59089  0.04622 -0.40640
   0.57421  0.04756 -0.42762
   0.55754  0.04884 -0.44824
   0.54088  0.05008 -0.47012
   0.52425  0.05125 -0.49265
   0.50762  0.05237 -0.51481
   0.49102  0.05343 -0.53888
   0.47443  0.05442 -0.56242
   0.45787  0.05534 -0.58718
   0.44134  0.05619 -0.61289
   0.42483  0.05697 -0.63890
   0.40835  0.05767 -0.66642
   0.39191  0.05829 -0.69463
   0.37550  0.05882 -0.72387
   0.35914  0.05926 -0.75432
   0.34282  0.05961 -0.78584
   0.32655  0.05985 -0.81917
   0.31033  0.05998 -0.85312
   0.29417  0.06000 -0.88975
   0.27809  0.05990 -0.92747
   0.26207  0.05967 -0.96789
   0.24615  0.05931 -1.01014
   0.23032  0.05880 -1.05521
   0.21461  0.05814 -1.10304
   0.19904  0.05732 -1.15481
   0.18362  0.05633 -1.20977
   0.16838  0.05515 -1.26986
   0.15339  0.05379 -1.33520
   0.13869  0.05223 -1.40724
   0.12437  0.05047 -1.48560
   0.11056  0.04852 -1.57392
   0.09739  0.04638 -1.67018
   0.08504  0.04410 -1.77709
   0.07369  0.04171 -1.89365
   0.06346  0.03927 -2.02050
   0.05441  0.03684 -2.15521
   0.04651  0.03446 -2.29748
   0.03966  0.03216 -2.44642
   0.03373  0.02993 -2.60081
   0.02859  0.02779 -2.76183
   0.02413  0.02573 -2.92383
   0.02023  0.02372 -3.09360
   0.01681  0.02177 -3.26658
   0.01381  0.01985 -3.43708
   0.01117  0.01795 -3.60156
   0.00885  0.01607 -3.75972
   0.00683  0.01419 -3.89040
   0.00508  0.01230 -3.98153
   0.00360  0.01041 -4.01087
   0.00237  0.00850 -3.95585
   0.00141  0.00658 -3.77844
   0.00070  0.00466 -3.46905
   0.00024  0.00276 -3.04335
   0.00003  0.00091 -2.53340
   0.00003 -0.00091 -1.99761
   0.00024 -0.00276 -1.44137
   0.00070 -0.00466 -0.88490
   0.00141 -0.00658 -0.38026
   0.00237 -0.00850  0.04429
   0.00360 -0.01041  0.37897
   0.00508 -0.01230  0.62334
   0.00683 -0.01419  0.79341
   0.00885 -0.01607  0.90268
   0.01117 -0.01795  0.96636
   0.01381 -0.01985  0.99527
   0.01681 -0.02177  0.99877
   0.02023 -0.02372  0.98358
   0.02413 -0.02573  0.95435
   0.02859 -0.02779  0.91524
   0.03373 -0.02993  0.86816
   0.03966 -0.03216  0.81599
   0.04651 -0.03446  0.75994
   0.05441 -0.03684  0.70176
   0.06346 -0.03927  0.64318
   0.07369 -0.04171  0.58555
   0.08504 -0.04410  0.53074
   0.09739 -0.04638  0.47972
   0.11056 -0.04852  0.43294
   0.12437 -0.05047  0.39128
   0.13869 -0.05223  0.35384
   0.15339 -0.05379  0.32068
   0.16838 -0.05515  0.29137
   0.18362 -0.05633  0.26547
   0.19904 -0.05732  0.24258
   0.21461 -0.05814  0.22215
   0.23033 -0.05880  0.20432
   0.24615 -0.05931  0.18812
   0.26207 -0.05967  0.17403
   0.27809 -0.05990  0.16160
   0.29417 -0.06000  0.15022
   0.31033 -0.05998  0.14044
   0.32655 -0.05985  0.13155
   0.34282 -0.05961  0.12392
   0.35914 -0.05926  0.11677
   0.37550 -0.05882  0.11085
   0.39191 -0.05829  0.10535
   0.40835 -0.05767  0.10079
   0.42483 -0.05697  0.09690
   0.44134 -0.05619  0.09288
   0.45787 -0.05534  0.09013
   0.47443 -0.05442  0.08754
   0.49102 -0.05343  0.08504
   0.50762 -0.05237  0.08325
   0.52425 -0.05125  0.08181
   0.54088 -0.05008  0.08061
   0.55754 -0.04884  0.07952
   0.57421 -0.04756  0.07912
   0.59089 -0.04622  0.07857
   0.60758 -0.04483  0.07838
   0.62429 -0.04340  0.07861
   0.64099 -0.04192  0.07876
   0.65771 -0.04039  0.07965
   0.67443 -0.03882  0.08047
   0.69115 -0.03721  0.08124
   0.70787 -0.03555  0.08301
   0.72460 -0.03386  0.08439
   0.74132 -0.03212  0.08652
   0.75805 -0.03035  0.08866
   0.77476 -0.02853  0.09144
   0.79148 -0.02668  0.09466
   0.80819 -0.02478  0.09826
   0.82489 -0.02285  0.10245
   0.84158 -0.02088  0.10737
   0.85825 -0.01887  0.11344
   0.87489 -0.01682  0.11993
   0.89149 -0.01474  0.12837
   0.90800 -0.01262  0.13777
   0.92434 -0.01048  0.14992
   0.94034 -0.00835  0.16502
   0.95571 -0.00626  0.18425
   0.97002 -0.00428  0.20847
   0.98279 -0.00247  0.24465
   0.99373 -0.00091  0.30407
   1.00000  0.00000  0.45047
