naca0012                                        
 Alfa =   9.40000 Re =        0.000 Xflap,Yflap =     0.000000    0.000000
#    x        y        Cp  
   1.00000  0.00000  0.45535
   0.99373  0.00091  0.28025
   0.98279  0.00247  0.19763
   0.97002  0.00428  0.13873
   0.95571  0.00626  0.09239
   0.94034  0.00835  0.05129
   0.92434  0.01048  0.01559
   0.90800  0.01262 -0.01629
   0.89149  0.01474 -0.04638
   0.87489  0.01682 -0.07350
   0.85825  0.01887 -0.09934
   0.84158  0.02088 -0.12395
   0.82489  0.02285 -0.14730
   0.80819  0.02478 -0.17088
   0.79148  0.02668 -0.19267
   0.77476  0.02853 -0.21446
   0.75805  0.03035 -0.23627
   0.74132  0.03212 -0.25783
   0.72460  0.03386 -0.27861
   0.70787  0.03555 -0.30030
   0.69115  0.03721 -0.32148
   0.67443  0.03882 -0.34298
   0.65771  0.04039 -0.36464
   0.64099  0.04192 -0.38620
   0.62429  0.04340 -0.40912
   0.60758  0.04483 -0.43111
   0.59089  0.04622 -0.45419
   0.57421  0.04756 -0.47809
   0.55754  0.04884 -0.50145
   0.54088  0.05008 -0.52628
   0.52425  0.05125 -0.55184
   0.50762  0.05237 -0.57713
   0.49102  0.05343 -0.60457
   0.47443  0.05442 -0.63155
   0.45787  0.05534 -0.65997
   0.44134  0.05619 -0.68958
   0.42483  0.05697 -0.71960
   0.40835  0.05767 -0.75147
   0.39191  0.05829 -0.78422
   0.37550  0.05882 -0.81832
   0.35914  0.05926 -0.85394
   0.34282  0.05961 -0.89097
   0.32655  0.05985 -0.93021
   0.31033  0.05998 -0.97050
   0.29417  0.06000 -1.01399
   0.27809  0.05990 -1.05911
   0.26207  0.05967 -1.10758
   0.24615  0.05931 -1.15860
   0.23032  0.05880 -1.21328
   0.21461  0.05814 -1.27171
   0.19904  0.05732 -1.33523
   0.18362  0.05633 -1.40325
   0.16838  0.05515 -1.47801
   0.15339  0.05379 -1.55993
   0.13869  0.05223 -1.65084
   0.12437  0.05047 -1.75072
   0.11056  0.04852 -1.86391
   0.09739  0.04638 -1.98860
   0.08504  0.04410 -2.12824
   0.07369  0.04171 -2.28199
   0.06346  0.03927 -2.45080
   0.05441  0.03684 -2.63214
   0.04651  0.03446 -2.82569
   0.03966  0.03216 -3.03069
   0.03373  0.02993 -3.24598
   0.02859  0.02779 -3.47329
   0.02413  0.02573 -3.70683
   0.02023  0.02372 -3.95472
   0.01681  0.02177 -4.21334
   0.01381  0.01985 -4.47578
   0.01117  0.01795 -4.73949
   0.00885  0.01607 -5.00498
   0.00683  0.01419 -5.24712
   0.00508  0.01230 -5.45093
   0.00360  0.01041 -5.58782
   0.00237  0.00850 -5.62616
   0.00141  0.00658 -5.51114
   0.00070  0.00466 -5.22086
   0.00024  0.00276 -4.76504
   0.00003  0.00091 -4.17444
   0.00003 -0.00091 -3.52433
   0.00024 -0.00276 -2.82094
   0.00070 -0.00466 -2.08482
   0.00141 -0.00658 -1.38726
   0.00237 -0.00850 -0.77191
   0.00360 -0.01041 -0.26039
   0.00508 -0.01230  0.13718
   0.00683 -0.01419  0.43701
   0.00885 -0.01607  0.65293
   0.01117 -0.01795  0.80398
   0.01381 -0.01985  0.90299
   0.01681 -0.02177  0.96314
   0.02023 -0.02372  0.99293
   0.02413 -0.02573  0.99977
   0.02859 -0.02779  0.98882
   0.03373 -0.02993  0.96389
   0.03966 -0.03216  0.92840
   0.04651 -0.03446  0.88464
   0.05441 -0.03684  0.83496
   0.06346 -0.03927  0.78166
   0.07369 -0.04171  0.72669
   0.08504 -0.04410  0.67243
   0.09739 -0.04638  0.62038
   0.11056 -0.04852  0.57153
   0.12437 -0.05047  0.52698
   0.13869 -0.05223  0.48628
   0.15339 -0.05379  0.44959
   0.16838 -0.05515  0.41664
   0.18362 -0.05633  0.38706
   0.19904 -0.05732  0.36053
   0.21461 -0.05814  0.33651
   0.23033 -0.05880  0.31517
   0.24615 -0.05931  0.29556
   0.26207 -0.05967  0.27819
   0.27809 -0.05990  0.26253
   0.29417 -0.06000  0.24806
   0.31033 -0.05998  0.23528
   0.32655 -0.05985  0.22349
   0.34282 -0.05961  0.21307
   0.35914 -0.05926  0.20318
   0.37550 -0.05882  0.19465
   0.39191 -0.05829  0.18659
   0.40835 -0.05767  0.17958
   0.42483 -0.05697  0.17329
   0.44134 -0.05619  0.16697
   0.45787 -0.05534  0.16195
   0.47443 -0.05442  0.15719
   0.49102 -0.05343  0.15257
   0.50762 -0.05237  0.14869
   0.52425 -0.05125  0.14525
   0.54088 -0.05008  0.14206
   0.55754 -0.04884  0.13906
   0.57421 -0.04756  0.13679
   0.59089 -0.04622  0.13437
   0.60758 -0.04483  0.13237
   0.62429 -0.04340  0.13087
   0.64099 -0.04192  0.12923
   0.65771 -0.04039  0.12842
   0.67443 -0.03882  0.12756
   0.69115 -0.03721  0.12661
   0.70787 -0.03555  0.12677
   0.72460 -0.03386  0.12643
   0.74132 -0.03212  0.12698
   0.75805 -0.03035  0.12747
   0.77476 -0.02853  0.12856
   0.79148 -0.02668  0.13022
   0.80819 -0.02478  0.13212
   0.82489 -0.02285  0.13463
   0.84158 -0.02088  0.13785
   0.85825 -0.01887  0.14218
   0.87489 -0.01682  0.14692
   0.89149 -0.01474  0.15352
   0.90800 -0.01262  0.16100
   0.92434 -0.01048  0.17114
   0.94034 -0.00835  0.18421
   0.95571 -0.00626  0.20120
   0.97002 -0.00428  0.22304
   0.98279 -0.00247  0.25670
   0.99373 -0.00091  0.31326
   1.00000  0.00000  0.45535
